0.034183 0.986292 0.018200 0.992737 0.001768 0.982905 0.963574 0.652331 0.997247 0.996011 0.997483 0.832253 0.923570 0.933076 0.059532 0.999795 0.969590 0.999437 0.000031 0.997163 0.999798 0.000109 0.807791 0.971962 0.098488 0.997353 0.937409 0.992221 0.000043 0.987652 0.994722 0.000026
0.000000 0.999991 0.000000 0.000000 0.000000 0.000000 0.000000 0.000000 0.999985 0.000000 0.000000 0.000000 1.000000 0.000000 0.000000 0.000000 0.000000 0.000000 0.000000 1.000000 0.000000 0.000000 0.000000 0.000000 1.000000 1.000000 0.000000 1.000000 0.000000 0.000000 0.000000 1.000000
0.000490 0.999951 0.000000 0.999977 0.000000 0.999617 0.999987 0.973047 0.000035 1.000000 0.000467 0.999999 0.000069 0.999996 0.820739 0.980989 0.993156 0.999973 1.000000 1.000000 0.058641 1.000000 0.000000 0.999990 0.000000 1.000000 0.000000 1.000000 0.000145 0.000000 0.999475 1.000000
1.000000 1.000000 1.000000 0.999999 1.000000 1.000000 0.999991 1.000000 1.000000 0.999818 1.000000 1.000000 0.999998 1.000000 1.000000 1.000000 0.999999 1.000000 1.000000 0.999999 0.999999 0.999997 1.000000 1.000000 0.999998 1.000000 0.999999 0.999998 0.999992 1.000000 0.999991 1.000000
0.999998 0.999993 1.000000 1.000000 0.000027 1.000000 1.000000 1.000000 1.000000 1.000000 0.000400 1.000000 0.999025 0.000003 1.000000 1.000000 0.034348 1.000000 1.000000 0.000003 0.000076 1.000000 1.000000 1.000000 1.000000 0.322424 1.000000 1.000000 0.000000 0.000014 1.000000 1.000000
0.000000 0.000000 0.999985 1.000000 0.000000 0.000000 1.000000 0.000000 0.000000 0.000000 1.000000 1.000000 0.999312 1.000000 0.000000 1.000000 0.997904 0.000000 0.000000 0.000000 0.000000 1.000000 1.000000 1.000000 1.000000 1.000000 1.000000 0.999917 1.000000 1.000000 1.000000 0.000000
1.000000 1.000000 1.000000 1.000000 1.000000 1.000000 1.000000 1.000000 1.000000 1.000000 1.000000 1.000000 1.000000 1.000000 1.000000 1.000000 1.000000 1.000000 1.000000 1.000000 1.000000 1.000000 1.000000 1.000000 1.000000 1.000000 1.000000 1.000000 1.000000 1.000000 1.000000 1.000000
1.000000 1.000000 1.000000 1.000000 1.000000 1.000000 1.000000 1.000000 1.000000 1.000000 1.000000 1.000000 1.000000 1.000000 1.000000 1.000000 1.000000 1.000000 1.000000 1.000000 1.000000 1.000000 1.000000 1.000000 1.000000 1.000000 1.000000 1.000000 1.000000 1.000000 1.000000 1.000000
0.000093 0.991229 0.000007 0.241082 0.000025 0.999262 0.000000 0.000001 0.000559 0.000007 0.108763 0.999960 0.948648 0.999839 1.000000 0.239620 1.000000 0.997028 0.000023 0.000000 0.995229 0.999796 0.999950 0.000049 0.999813 0.999999 0.000142 0.999998 0.000000 0.995518 0.991451 0.000013
1.000000 0.999936 1.000000 0.999999 1.000000 1.000000 1.000000 0.000000 0.000001 1.000000 1.000000 1.000000 1.000000 0.000000 1.000000 1.000000 0.000000 1.000000 1.000000 0.000000 1.000000 1.000000 0.000000 0.999999 1.000000 0.000147 0.999794 1.000000 0.000000 0.999961 1.000000 1.000000
1.000000 0.999999 1.000000 0.000000 1.000000 1.000000 1.000000 0.000001 0.999999 0.999991 1.000000 1.000000 1.000000 1.000000 1.000000 0.999989 0.999988 0.000000 0.000000 1.000000 0.000000 1.000000 1.000000 1.000000 1.000000 0.103866 1.000000 0.000000 0.000756 1.000000 1.000000 1.000000
0.754650 0.011032 0.000000 0.999998 0.000000 0.999999 0.999997 0.999986 1.000000 0.999994 0.000000 0.999999 0.000000 0.994326 0.999985 0.000000 1.000000 0.000001 1.000000 0.081533 1.000000 0.999998 1.000000 0.999762 1.000000 0.000001 0.993523 1.000000 0.000000 1.000000 0.999998 1.000000
1.000000 0.999986 1.000000 1.000000 0.000000 1.000000 1.000000 0.000000 1.000000 1.000000 1.000000 1.000000 1.000000 1.000000 1.000000 1.000000 0.000000 1.000000 1.000000 1.000000 1.000000 0.000000 1.000000 1.000000 1.000000 1.000000 0.000000 1.000000 1.000000 0.000000 1.000000 1.000000
0.013097 0.636549 0.160087 0.633017 0.525707 0.000334 0.065190 0.583365 0.000453 0.000305 0.549641 0.000391 0.014690 0.010476 0.000309 0.502836 0.643309 0.087337 0.647773 0.000428 0.055710 0.633824 0.386822 0.664702 0.001574 0.062061 0.046471 0.075314 0.187439 0.038326 0.029711 0.609859
0.999956 0.000001 0.999946 0.999962 0.000000 0.999971 0.000006 0.999913 0.999996 0.000000 0.000000 0.999883 0.999897 0.821264 0.000001 0.000000 0.000000 0.000000 0.000000 0.000000 0.000000 0.002820 0.997468 0.767575 0.000000 0.999915 0.000000 0.999959 0.001260 0.000000 0.059641 0.999993
0.000000 0.000010 0.000031 0.000010 0.000006 0.999999 0.999868 0.000067 0.000018 0.000014 0.999915 0.999998 1.000000 0.999969 0.000027 1.000000 0.817134 0.000064 0.000114 0.999837 1.000000 0.999796 0.001074 0.784088 0.000095 0.000000 0.000000 0.999751 0.000005 0.999967 0.999764 0.000000
0.000000 0.000000 0.000000 0.000000 0.000014 0.000000 0.000000 0.000000 0.000000 0.000000 0.000000 0.000000 0.000000 0.000000 0.000000 0.000000 0.000000 0.000000 0.000000 0.000000 0.000000 0.000000 0.000000 0.000000 0.000000 0.000000 0.000000 0.000000 0.000000 0.000000 0.000000 0.000000
0.997978 0.000000 0.999999 0.000000 0.999998 0.999999 0.999992 0.999999 0.999910 0.000031 0.000000 0.999999 0.000576 0.999999 0.998383 0.000000 0.999672 0.000091 0.000016 0.999999 0.999803 0.724006 0.999999 0.999931 0.000000 0.000056 0.541562 0.999999 0.000001 0.999997 0.999981 0.999999
1.000000 1.000000 1.000000 1.000000 0.000061 0.000000 0.000000 1.000000 0.000001 1.000000 1.000000 1.000000 1.000000 1.000000 1.000000 0.000000 0.999997 1.000000 0.999983 1.000000 1.000000 1.000000 1.000000 0.000000 0.000664 1.000000 0.999870 1.000000 0.996301 0.000010 0.000000 1.000000
1.000000 1.000000 1.000000 1.000000 0.999990 0.091588 1.000000 0.999998 0.000000 1.000000 0.000003 1.000000 1.000000 1.000000 0.003460 0.000000 1.000000 0.000001 1.000000 0.000000 1.000000 1.000000 0.000005 0.999855 0.000000 0.999964 0.999997 0.000000 1.000000 0.000002 0.999839 1.000000
0.000000 0.000016 0.000000 0.000000 0.000000 0.000000 0.000000 0.000000 0.000000 0.000000 0.000000 0.000000 0.000000 0.000000 0.000000 0.000000 0.000000 0.000000 0.000000 0.000000 0.000000 0.000000 0.000000 0.000000 0.000000 0.000000 0.000000 0.000000 0.000000 0.000000 0.000000 0.000000
0.000000 0.000000 0.000000 0.000000 0.000000 0.000000 0.000000 0.000000 0.000000 0.000000 0.000000 0.000000 0.000000 0.000000 0.000000 0.000000 0.000000 0.000000 0.000000 0.000000 0.000000 0.000000 0.000000 0.000000 0.000000 0.000000 0.000000 0.000000 0.000000 0.000000 0.000000 0.000000
1.000000 1.000000 1.000000 0.000000 0.000000 1.000000 1.000000 1.000000 1.000000 1.000000 1.000000 0.000000 1.000000 1.000000 1.000000 1.000000 0.000000 1.000000 1.000000 1.000000 0.000001 1.000000 1.000000 1.000000 0.000001 1.000000 1.000000 1.000000 1.000000 1.000000 0.000000 1.000000
1.000000 0.994132 0.217894 0.000152 0.000002 0.999437 0.000000 1.000000 0.000000 1.000000 1.000000 0.999955 1.000000 1.000000 0.000000 1.000000 0.000000 0.000016 0.999998 1.000000 0.999825 0.971822 1.000000 0.999999 1.000000 0.999675 0.112826 0.970828 1.000000 1.000000 0.999632 1.000000
1.000000 1.000000 0.999999 1.000000 0.000002 0.000000 0.000001 0.999999 1.000000 1.000000 1.000000 1.000000 1.000000 0.000044 1.000000 0.000000 1.000000 1.000000 1.000000 1.000000 0.000000 0.000000 0.000034 0.000000 0.000000 1.000000 1.000000 1.000000 1.000000 1.000000 0.000000 0.000000
1.000000 1.000000 1.000000 0.999992 0.000000 0.999944 0.999959 0.000000 0.000000 0.195092 1.000000 1.000000 0.917720 1.000000 0.999998 0.994864 0.998526 0.000000 1.000000 1.000000 1.000000 1.000000 0.999868 0.000589 1.000000 0.000000 0.999971 0.000000 1.000000 0.999997 1.000000 0.999986
0.000000 0.000002 0.000000 0.000004 0.000000 0.000000 0.000008 0.000000 0.000023 0.000000 0.000000 0.000001 0.000000 0.000014 0.000001 0.000000 0.000072 0.000000 0.000000 0.000000 0.000021 0.000000 0.000014 0.000000 0.000015 0.000002 0.000007 0.000000 0.000000 0.000000 0.000000 0.000000
0.000000 1.000000 1.000000 0.000000 0.000000 0.000000 1.000000 0.000000 1.000000 0.000000 0.000000 1.000000 1.000000 0.000000 0.000000 0.000000 1.000000 0.000000 0.000000 0.000000 1.000000 0.000000 0.000000 0.000000 1.000000 1.000000 0.000000 1.000000 0.000123 0.000000 0.000000 0.000000
0.000000 1.000000 1.000000 1.000000 1.000000 1.000000 0.000000 1.000000 1.000000 1.000000 1.000000 0.000069 0.000000 0.000001 1.000000 1.000000 0.000049 1.000000 0.000000 0.000025 1.000000 1.000000 0.033365 0.929360 1.000000 1.000000 1.000000 0.316144 0.000000 1.000000 0.000001 1.000000
0.000118 0.000000 0.000000 0.000000 0.000000 0.000000 0.000000 0.000000 0.000000 0.000000 0.000000 0.000000 0.000000 0.000000 0.000000 0.000000 0.000000 0.000000 0.000122 0.000000 0.000000 0.000001 0.000000 0.000000 0.000000 0.000000 0.000000 0.000051 0.000000 0.000000 0.000000 0.000000
0.000000 1.000000 0.000000 1.000000 1.000000 0.000000 0.000000 1.000000 1.000000 1.000000 1.000000 1.000000 1.000000 1.000000 1.000000 0.999988 0.000000 1.000000 1.000000 0.000000 1.000000 1.000000 1.000000 0.000006 0.000003 1.000000 1.000000 1.000000 1.000000 0.000000 1.000000 1.000000
1.000000 1.000000 1.000000 0.999866 1.000000 1.000000 0.165892 0.000000 1.000000 1.000000 1.000000 0.000036 1.000000 1.000000 1.000000 1.000000 1.000000 1.000000 1.000000 1.000000 1.000000 1.000000 1.000000 0.000000 0.000000 0.000000 0.000000 1.000000 1.000000 0.000002 1.000000 0.000000
1.000000 1.000000 0.562671 1.000000 0.000000 0.000000 0.000000 0.999826 1.000000 1.000000 1.000000 1.000000 0.000000 1.000000 0.000003 0.000000 0.000000 1.000000 0.013440 0.806939 1.000000 1.000000 0.871938 1.000000 1.000000 1.000000 1.000000 1.000000 1.000000 0.000000 1.000000 1.000000
0.999887 0.995925 0.999993 1.000000 0.999946 0.999994 0.020067 0.000000 0.999974 0.999981 0.999974 0.997054 0.999997 0.000000 0.011375 0.000000 1.000000 0.999996 0.758429 0.999990 0.000000 0.000000 0.999993 0.999989 0.999999 0.000001 0.893468 0.999996 0.000000 0.000000 1.000000 0.892678
1.000000 0.000004 1.000000 1.000000 0.000001 1.000000 1.000000 1.000000 1.000000 0.000012 1.000000 1.000000 0.000010 1.000000 0.999845 1.000000 0.000004 1.000000 1.000000 1.000000 0.000011 1.000000 0.000003 1.000000 1.000000 1.000000 1.000000 1.000000 1.000000 1.000000 0.000001 0.000006
0.999989 0.999458 0.000000 0.999987 0.999573 0.003569 0.999587 0.999865 0.999043 0.000000 0.999996 0.000000 0.999996 0.999268 0.999996 0.999968 0.000000 0.999966 0.999998 0.999838 0.000004 0.999947 0.999998 0.000774 0.999439 0.000001 0.999979 0.000000 0.000000 0.000003 0.000000 0.999999
1.000000 1.000000 1.000000 1.000000 1.000000 0.000000 1.000000 1.000000 1.000000 1.000000 1.000000 1.000000 0.000000 0.000000 0.000000 0.000000 1.000000 1.000000 1.000000 1.000000 0.000000 1.000000 1.000000 1.000000 0.000002 1.000000 1.000000 0.000000 1.000000 0.000003 0.000000 1.000000
1.000000 1.000000 0.000000 1.000000 1.000000 1.000000 1.000000 1.000000 0.000000 1.000000 1.000000 1.000000 1.000000 1.000000 1.000000 1.000000 0.000000 0.000000 0.000000 1.000000 1.000000 1.000000 0.000000 0.000025 0.000000 1.000000 0.000000 1.000000 1.000000 1.000000 0.999999 0.000000
0.999995 0.999996 0.000317 0.000001 0.999998 1.000000 1.000000 1.000000 0.999999 0.999856 0.999998 1.000000 0.999999 0.000000 0.000000 0.000000 0.999997 0.999999 1.000000 0.000002 0.999997 0.999995 0.000001 0.999977 1.000000 0.000000 0.999972 1.000000 0.000001 1.000000 0.999984 0.999982
1.000000 0.000000 1.000000 0.000000 1.000000 1.000000 0.000000 0.000000 1.000000 0.000000 0.000000 0.000001 1.000000 0.000000 0.000000 1.000000 0.000000 0.000000 0.000004 0.000126 0.000011 0.000000 0.000000 0.000000 0.999204 1.000000 0.000000 1.000000 0.000000 0.000005 0.000005 1.000000
1.000000 0.000000 1.000000 1.000000 1.000000 0.000000 1.000000 1.000000 1.000000 0.000000 1.000000 1.000000 0.999997 0.999998 0.000000 0.000000 1.000000 1.000000 0.000000 1.000000 1.000000 1.000000 0.000000 1.000000 1.000000 0.000000 1.000000 1.000000 0.000000 0.000000 1.000000 0.000000
0.000779 1.000000 1.000000 0.999811 0.000001 0.000001 1.000000 0.000075 0.000006 0.999538 1.000000 0.999999 1.000000 0.999999 0.000000 1.000000 0.000000 0.999984 0.999998 1.000000 0.000000 1.000000 0.999959 1.000000 0.999544 0.999954 0.003025 0.000001 0.999951 0.999578 0.999838 0.000001
0.000001 0.000000 0.000000 0.000000 0.993949 0.000000 0.000108 0.999997 0.000000 0.999940 0.999998 0.000000 0.000109 0.999893 0.000005 0.999996 0.000000 0.000000 0.999909 0.000000 0.000000 0.000000 1.000000 0.000000 0.000000 0.000000 0.000000 0.000480 0.999976 0.000027 0.999999 0.000000
1.000000 1.000000 0.000000 1.000000 0.000000 1.000000 1.000000 1.000000 1.000000 1.000000 0.000001 0.000000 0.979972 0.000182 0.999787 0.000000 1.000000 0.000010 1.000000 1.000000 0.999996 1.000000 1.000000 0.002447 1.000000 1.000000 1.000000 0.000000 0.000002 0.999867 0.939154 0.999973
1.000000 1.000000 1.000000 1.000000 0.000002 1.000000 0.000000 1.000000 1.000000 0.000000 0.000000 1.000000 0.000011 0.999901 0.000000 1.000000 0.999999 1.000000 1.000000 1.000000 0.000000 1.000000 0.000003 1.000000 1.000000 0.000059 1.000000 0.999942 0.000000 1.000000 1.000000 0.999999
1.000000 0.000000 1.000000 0.000015 1.000000 1.000000 1.000000 0.000000 1.000000 1.000000 0.000000 1.000000 1.000000 1.000000 0.000000 1.000000 1.000000 0.999997 1.000000 1.000000 1.000000 0.000000 1.000000 0.000000 0.000000 1.000000 1.000000 1.000000 0.000000 1.000000 1.000000 1.000000
0.000000 0.000001 0.000002 0.000000 0.000000 1.000000 1.000000 1.000000 0.000007 0.000001 1.000000 0.000003 0.000000 1.000000 0.000015 0.000001 0.000000 0.000050 1.000000 0.000002 0.000019 1.000000 0.999999 0.999256 1.000000 0.999999 0.999998 1.000000 0.000001 0.000000 1.000000 0.000017
0.999640 0.000004 1.000000 0.998097 0.000003 0.999356 1.000000 0.970313 1.000000 0.990907 0.000000 0.000001 0.999998 0.999999 1.000000 0.998498 1.000000 0.997921 0.999992 0.000005 1.000000 0.000000 0.999994 0.000000 0.000080 0.000000 1.000000 0.004945 0.997336 0.999997 0.999997 0.000002
1.000000 1.000000 1.000000 0.000025 0.999996 0.000000 1.000000 1.000000 0.000000 0.000000 0.000000 1.000000 0.000001 0.000000 0.000000 0.999998 1.000000 0.000000 1.000000 0.000000 1.000000 1.000000 0.000000 1.000000 0.000000 0.000000 0.000000 0.999981 1.000000 0.999600 0.000000 1.000000
1.000000 0.999760 1.000000 1.000000 1.000000 0.079139 1.000000 0.000000 1.000000 1.000000 0.000000 1.000000 0.417351 0.000097 1.000000 0.999992 1.000000 0.000000 0.000001 0.000000 0.004356 1.000000 0.000000 0.000000 0.000133 1.000000 0.000000 1.000000 0.051137 0.002876 1.000000 0.000000
0.000000 0.000000 0.000000 0.000000 0.000000 0.000000 0.001441 0.000000 0.000000 0.000000 0.000000 0.000000 0.000000 0.000003 0.000000 0.000000 0.000000 0.000000 0.000002 0.000000 0.000000 0.000000 0.000000 0.000000 0.000000 0.000000 0.000000 0.000002 0.000000 0.000000 0.000000 0.000000
0.000013 0.000006 0.999999 1.000000 0.999999 0.000025 0.916475 0.999999 0.985762 0.999998 0.999999 0.002351 1.000000 0.999999 0.999979 0.999999 0.000023 0.999999 0.999994 0.999998 0.999999 0.994825 1.000000 0.033795 0.999998 0.999999 1.000000 0.999998 0.000008 1.000000 0.997493 0.999987
0.000000 0.000000 0.000000 0.000000 0.000000 0.000000 0.999987 0.000000 0.000000 0.000000 0.999985 0.000000 0.000000 0.999734 0.006800 0.000000 0.000258 1.000000 0.000000 0.999891 0.999889 0.000000 0.000000 0.000000 1.000000 0.000000 0.999753 0.000000 0.999809 1.000000 0.999878 0.000000
0.000001 1.000000 1.000000 1.000000 0.000000 0.000000 1.000000 1.000000 0.999896 0.000000 0.000000 0.000029 0.999987 0.999986 1.000000 0.999437 0.000000 0.994766 0.000064 1.000000 1.000000 0.284977 0.000000 0.999981 1.000000 0.999675 0.000000 0.999807 1.000000 1.000000 1.000000 0.999185
0.000000 0.000000 0.000000 0.000002 0.000005 0.000000 0.000000 1.000000 0.000000 0.000000 1.000000 1.000000 0.000000 0.000000 1.000000 0.999914 0.000043 0.000001 0.000001 1.000000 1.000000 1.000000 0.000000 0.000000 0.000000 0.000000 1.000000 0.999996 1.000000 0.000000 0.000000 1.000000
0.999999 0.994627 0.999999 0.982296 0.999999 1.000000 0.999997 0.999988 0.000000 0.999998 0.999990 0.999996 0.000001 0.999993 0.000028 0.999980 0.001852 0.000000 0.999995 0.000156 0.999990 0.913733 0.999994 1.000000 0.651764 0.000537 0.000000 0.000016 0.999988 0.987633 0.999043 0.000000
1.000000 0.999941 0.000020 0.999986 1.000000 1.000000 1.000000 0.999998 0.999989 1.000000 0.000000 0.000000 1.000000 0.999999 0.999999 1.000000 1.000000 0.000000 0.999932 0.999999 1.000000 1.000000 1.000000 0.999995 1.000000 0.000000 0.000001 1.000000 1.000000 1.000000 0.000002 1.000000
1.000000 0.246223 0.000002 1.000000 1.000000 0.000000 1.000000 0.000000 1.000000 1.000000 0.999996 1.000000 0.000339 0.000000 1.000000 0.998893 0.999491 0.000000 0.000003 1.000000 0.000021 0.000000 1.000000 0.000041 1.000000 0.000001 0.000004 0.000000 1.000000 0.000483 1.000000 1.000000
0.000035 1.000000 1.000000 1.000000 1.000000 0.000000 1.000000 1.000000 0.573454 1.000000 0.000000 0.000000 0.000000 0.024420 0.000000 0.000000 1.000000 1.000000 0.000000 1.000000 1.000000 0.000004 1.000000 0.998560 1.000000 0.000135 0.000000 0.000000 0.000000 0.000000 0.000000 0.000000
0.000229 0.000000 0.000000 0.998910 0.000000 0.000000 0.000001 0.999828 1.000000 0.999999 0.982844 0.999989 0.000084 0.999999 1.000000 0.999995 1.000000 0.000000 0.999482 0.555535 0.999987 0.999797 0.999994 0.999987 0.004619 0.999982 0.999997 0.999993 1.000000 0.999995 1.000000 0.999285
1.000000 1.000000 1.000000 0.000000 0.000000 1.000000 1.000000 1.000000 0.000000 1.000000 1.000000 1.000000 0.000000 1.000000 1.000000 1.000000 0.000000 1.000000 1.000000 1.000000 0.000000 1.000000 1.000000 1.000000 0.000000 1.000000 1.000000 1.000000 0.000000 0.000017 1.000000 1.000000
1.000000 1.000000 0.000000 1.000000 1.000000 1.000000 1.000000 0.000041 1.000000 1.000000 0.999977 1.000000 1.000000 1.000000 0.000000 0.000042 1.000000 0.000000 1.000000 0.000000 0.999994 0.000062 1.000000 1.000000 0.999999 1.000000 1.000000 1.000000 1.000000 0.000243 0.000000 1.000000
0.000000 0.000000 0.000432 0.000000 0.000000 0.000000 0.000000 0.000000 0.000028 0.000000 0.000000 0.000000 0.000006 0.000000 0.000000 0.000000 0.000000 0.000000 0.000000 0.000000 0.000000 0.000000 0.000000 0.000000 0.000000 0.000000 0.000000 0.000000 0.000000 0.000000 0.000118 0.000000
